53.8595733643 
55.0286712646
55.8209266663
53.9456253052
53.9159507751
53.9100151062
55.286819458
51.6964454651
52.0287780762
50.5214157104
45.3554267883
50.4323959351
50.4917411804
51.5332489014
49.7172851562
50.1890792847
50.6193313599
50.8745155334
50.4887733459
50.4205245972
50.0407180786
49.2543945312
50.4056930542
50.2484283447
49.3374786377
48.3197097778
46.898399353
46.3346176147
43.8747673035
46.1654853821
47.7292289734
43.9845542908
42.6997337341
42.2101364136
42.213104248
42.1745300293
41.3080940247
