31.8130531311
31.6714611053
31.7776565552
31.7599563599
31.901550293
31.7776565552
31.8661499023
32.9634971619
34.0962409973
33.1581878662
33.282081604
33.2112846375
32.7865066528
32.2024345398
32.3086280823
32.3440284729
32.3971252441
32.4679222107
32.7157096863
32.6095123291
32.4148254395
32.4325218201
32.4148254395
32.5033187866
32.5741157532
33.5652656555
34.3263282776
34.8396034241
36.1847343445
33.8484535217
32.9104003906
35.3528747559
36.3086280823
36.5033187866
36.6449127197
36.7865066528
37.0342941284 
